   1.0e+03 *

    0.0026    0.0043    0.3271    0.3203
    0.0026    0.3921    0.2488    0.2497
    0.0043    0.7264    0.3169    0.3177
    0.0043    1.0454    0.3169    0.3160
    0.2543    0.3921    0.2480    0.2497
    0.3224    0.7264    0.3169    0.3177
    0.3224    1.0463    0.3169    0.3152
    0.3343    0.0043    0.3262    0.3194
    0.5044    0.3921    0.2488    0.2497
    0.6431    0.7290    0.3169    0.3169
    0.6567    1.1024    0.0999    0.2284
    0.6643    0.0043    0.3271    0.3194
    0.7562    0.3921    0.2463    0.2497
    0.7588    1.1007    0.2020    0.1986