   1.0e+03 *

    0.0025    0.3362    0.3225    0.3308
    0.0025    1.0001    0.3225    0.3299
    0.0033    0.0041    0.3191    0.3274
    0.0041    0.6698    0.3216    0.3241
    0.3278    1.0001    0.3225    0.3299
    0.3287    0.0017    0.3216    0.3299
    0.3287    0.3362    0.3216    0.3308
    0.3312    0.6723    0.3208    0.3225
    0.6549    0.0033    0.3208    0.3283
    0.6549    0.3362    0.3208    0.3308
    0.6549    1.0001    0.3208    0.3299
    0.6565    0.6723    0.3208    0.3225